{
    "130322272869": {
        "X_WT": [
            [
                0.959631036737,
                0.138597331637,
                -0.244742830324,
                -0.314320172932
            ],
            [
                -0.247931823228,
                0.827718974919,
                -0.503399552632,
                -0.281895980388
            ],
            [
                0.132808449893,
                0.543757370729,
                0.828667507155,
                0.40547165866
            ],
            [
                0.0,
                0.0,
                0.0,
                1.0
            ]
        ]
    },
    "218622277783": {
        "X_WT": [
            [
                -0.969760148125,
                0.205639439194,
                -0.131444574463,
                -0.25474907532
            ],
            [
                -0.243800524107,
                -0.841055110748,
                0.482895024958,
                0.268491172329
            ],
            [
                -0.01124986901,
                0.500338607077,
                0.865756731834,
                0.402161424427
            ],
            [
                0.0,
                0.0,
                0.0,
                1.0
            ]
        ]
    },
    "819612070593": {
        "X_WT": [
            [
                -0.15877425356,
                -0.912246727409,
                -0.37761970915,
                -0.325430553785
            ],
            [
                0.981954280538,
                -0.185707602665,
                0.035755800177,
                -0.037021183117
            ],
            [
                -0.102744962603,
                -0.365128189332,
                0.925270164879,
                0.581942374397
            ],
            [
                0.0,
                0.0,
                0.0,
                1.0
            ]
        ]
    }
}