{
    "218622277783": {
        "X_WT": [
            [
                0.94768126061,
                0.158890023955,
                -0.276864928396,
                -0.320934901948
            ],
            [
                -0.266394764087,
                0.871520886966,
                -0.411685770036,
                -0.277037167145
            ],
            [
                0.175880806102,
                0.463902256807,
                0.868251483255,
                0.419477290819
            ],
            [
                0.0,
                0.0,
                0.0,
                1.0
            ]
        ]
    },
    "130322272869": {
        "X_WT": [
            [
                -0.945449783035,
                0.284109657818,
                -0.159393883489,
                -0.256867656936
            ],
            [
                -0.325688415284,
                -0.8135412977,
                0.481744344114,
                0.275676367386
            ],
            [
                0.007194713943,
                0.507377826941,
                0.861693667622,
                0.402268410675
            ],
            [
                0.0,
                0.0,
                0.0,
                1.0
            ]
        ]
    },
    "819612070593": {
        "X_WT": [
            [
                0.035307027779,
                -0.926620243217,
                -0.374337199126,
                -0.392292412925
            ],
            [
                0.997371035853,
                0.008953086125,
                0.071908685776,
                0.019365711609
            ],
            [
                -0.06328057072,
                -0.375891962017,
                0.924500298681,
                0.763508009119
            ],
            [
                0.0,
                0.0,
                0.0,
                1.0
            ]
        ]
    }
}