{
    "218622277783": {
        "X_WT": [
            [
                0.94855292331,
                0.159934562706,
                -0.273254985922,
                -0.324276948516
            ],
            [
                -0.267069999454,
                0.867717914794,
                -0.419212637855,
                -0.280849465974
            ],
            [
                0.170061656675,
                0.470623582067,
                0.865790088261,
                0.419257742611
            ],
            [
                0.0,
                0.0,
                0.0,
                1.0
            ]
        ]
    },
    "130322272869": {
        "X_WT": [
            [
                -0.947843989028,
                0.274831537267,
                -0.161429237089,
                -0.263804483492
            ],
            [
                -0.318734540411,
                -0.816880143892,
                0.480744342936,
                0.277489430959
            ],
            [
                0.00025536838,
                0.507123709403,
                0.861873237865,
                0.400480215229
            ],
            [
                0.0,
                0.0,
                0.0,
                1.0
            ]
        ]
    },
    "819612070593": {
        "X_WT": [
            [
                0.0192918469,
                -0.926123620996,
                -0.37672650992,
                -0.401643586568
            ],
            [
                0.996821564897,
                -0.011313622751,
                0.078859176361,
                0.016253826268
            ],
            [
                -0.077295487574,
                -0.377050448314,
                0.922961736491,
                0.758742213256
            ],
            [
                0.0,
                0.0,
                0.0,
                1.0
            ]
        ]
    }
}