{
    "218622277783": {
        "X_WT": [
            [
                0.950334522939,
                0.147212155495,
                -0.274213194038,
                -0.320631234742
            ],
            [
                -0.254673148117,
                0.8742770644,
                -0.413256823649,
                -0.278043782591
            ],
            [
                0.178901878521,
                0.462566963735,
                0.868346659994,
                0.419171892682
            ],
            [
                0.0,
                0.0,
                0.0,
                1.0
            ]
        ]
    },
    "130322272869": {
        "X_WT": [
            [
                -0.969760148125,
                0.205639439194,
                -0.131444574463,
                -0.25474907532
            ],
            [
                -0.243800524107,
                -0.841055110748,
                0.482895024958,
                0.268491172329
            ],
            [
                -0.01124986901,
                0.500338607077,
                0.865756731834,
                0.402161424427
            ],
            [
                0.0,
                0.0,
                0.0,
                1.0
            ]
        ]
    },
    "819612070593": {
        "X_WT": [
            [
                -0.15877425356,
                -0.912246727409,
                -0.37761970915,
                -0.325430553785
            ],
            [
                0.981954280538,
                -0.185707602665,
                0.035755800177,
                -0.037021183117
            ],
            [
                -0.102744962603,
                -0.365128189332,
                0.925270164879,
                0.581942374397
            ],
            [
                0.0,
                0.0,
                0.0,
                1.0
            ]
        ]
    }
}